# time_s  measured_cm  theory_cm
0.0000 5.0987 5.0000
0.0500 4.5862 4.6379
0.1000 3.7732 3.8478
0.1500 2.7094 2.7266
0.2000 1.3072 1.3981
0.2500 -0.0892 0.0000
0.3000 -1.3724 -1.3299
0.3500 -2.5764 -2.4671
0.4000 -3.1969 -3.3118
0.4500 -4.0366 -3.7972
0.5000 -3.7705 -3.8940
0.5500 -3.7058 -3.6120
0.6000 -3.0786 -2.9967
0.6500 -2.3261 -2.1235
0.7000 -1.1104 -1.0888
0.7500 -0.0371 -0.0000
0.8000 1.0644 1.0357
0.8500 1.8413 1.9214
0.9000 2.5933 2.5793
0.9500 3.2302 2.9572
1.0000 3.0940 3.0327
1.0500 2.7270 2.8130
1.1000 2.4768 2.3338
1.1500 1.6344 1.6537
1.2000 0.9370 0.8480
1.2500 0.0919 0.0000
1.3000 -0.8653 -0.8066
1.3500 -1.7859 -1.4964
1.4000 -2.0609 -2.0087
1.4500 -2.2204 -2.3031
1.5000 -2.4188 -2.3618
1.5500 -2.1249 -2.1908
1.6000 -1.6706 -1.8176
1.6500 -1.3696 -1.2879
1.7000 -0.4757 -0.6604
1.7500 0.2433 -0.0000
1.8000 0.7900 0.6282
1.8500 1.3402 1.1654
1.9000 1.7289 1.5644
1.9500 2.1318 1.7937
2.0000 1.8673 1.8394
2.0500 1.7065 1.7062
2.1000 1.5060 1.4155
2.1500 0.8668 1.0030
2.2000 0.2813 0.5143
2.2500 -0.1323 0.0000
2.3000 -0.4333 -0.4892
2.3500 -0.8366 -0.9076
2.4000 -1.4488 -1.2184
2.4500 -1.6794 -1.3969
2.5000 -1.4799 -1.4325
2.5500 -1.3570 -1.3288
2.6000 -1.1098 -1.1024
2.6500 -0.6805 -0.7812
2.7000 -0.2162 -0.4005
2.7500 0.0346 -0.0000
2.8000 0.4729 0.3810
2.8500 0.5426 0.7068
2.9000 0.7724 0.9489
2.9500 1.1233 1.0879
3.0000 1.2154 1.1157
3.0500 1.1438 1.0348
3.1000 0.9475 0.8586
3.1500 0.7260 0.6084
3.2000 0.4334 0.3119
3.2500 -0.2628 -0.0000
3.3000 -0.4069 -0.2967
3.3500 -0.4822 -0.5505
3.4000 -0.6495 -0.7390
3.4500 -1.0741 -0.8473
3.5000 -0.6929 -0.8689
3.5500 -0.8718 -0.8059
3.6000 -0.7035 -0.6686
3.6500 -0.4327 -0.4738
3.7000 -0.1305 -0.2429
3.7500 -0.2150 -0.0000
3.8000 0.3796 0.2311
3.8500 0.4403 0.4287
3.9000 0.4599 0.5755
3.9500 0.6186 0.6598
4.0000 0.3488 0.6767
4.0500 0.5305 0.6277
4.1000 0.5480 0.5207
4.1500 0.2626 0.3690
4.2000 0.1400 0.1892
4.2500 -0.0220 -0.0000
4.3000 -0.1727 -0.1800
4.3500 -0.1808 -0.3339
4.4000 -0.4519 -0.4482
4.4500 -0.5529 -0.5139
4.5000 -0.4462 -0.5270
4.5500 -0.1773 -0.4888
4.6000 -0.4570 -0.4056
4.6500 -0.2104 -0.2874
4.7000 -0.3839 -0.1474
4.7500 0.2018 -0.0000
4.8000 0.2391 0.1402
4.8500 0.4600 0.2600
4.9000 0.3402 0.3491
4.9500 0.2438 0.4002
5.0000 0.5433 0.4104
5.0500 0.4937 0.3807
5.1000 0.1858 0.3158
5.1500 0.0029 0.2238
5.2000 0.1821 0.1148
5.2500 -0.0257 -0.0000
5.3000 0.2827 -0.1092
5.3500 -0.2946 -0.2025
5.4000 -0.3511 -0.2719
5.4500 -0.3283 -0.3117
5.5000 -0.5694 -0.3196
5.5500 -0.4299 -0.2965
5.6000 0.0007 -0.2460
5.6500 -0.1940 -0.1743
5.7000 -0.1806 -0.0894
5.7500 -0.1908 -0.0000
5.8000 0.1721 0.0850
5.8500 0.2565 0.1577
5.9000 0.2502 0.2117
5.9500 0.1844 0.2427
6.0000 0.2948 0.2489
6.0500 0.2881 0.2309
6.1000 0.0894 0.1916
6.1500 0.2291 0.1357
6.2000 -0.2477 0.0696
6.2500 -0.1934 -0.0000
6.3000 -0.1118 -0.0662
6.3500 -0.1391 -0.1228
6.4000 -0.3395 -0.1649
6.4500 -0.1397 -0.1890
6.5000 -0.0355 -0.1939
6.5500 -0.1122 -0.1798
6.6000 -0.1155 -0.1492
6.6500 0.0185 -0.1057
6.7000 0.0065 -0.0542
6.7500 -0.1714 -0.0000
6.8000 0.0212 0.0516
6.8500 0.2894 0.0957
6.9000 -0.0422 0.1284
6.9500 0.1566 0.1472
7.0000 0.0926 0.1510
7.0500 0.0054 0.1401
7.1000 -0.0355 0.1162
7.1500 0.0975 0.0823
7.2000 0.0895 0.0422
7.2500 0.0464 -0.0000
7.3000 -0.2571 -0.0402
7.3500 -0.1178 -0.0745
7.4000 -0.0482 -0.1000
7.4500 0.0274 -0.1147
7.5000 -0.0167 -0.1176
7.5500 0.0157 -0.1091
7.6000 0.0741 -0.0905
7.6500 0.0595 -0.0641
7.7000 -0.1552 -0.0329
7.7500 0.0087 -0.0000
7.8000 -0.0757 0.0313
7.8500 -0.2992 0.0580
7.9000 -0.1742 0.0779
7.9500 0.4026 0.0893
8.0000 -0.0760 0.0916
